0.099992, -0.000126, 0.0
0.099891, -0.000133, 0.0
0.099790, -0.000140, 0.0
0.099689, -0.000148, 0.0
0.099588, -0.000155, 0.0
0.099487, -0.000162, 0.0
0.099386, -0.000170, 0.0
0.099285, -0.000177, 0.0
0.099184, -0.000184, 0.0
0.099083, -0.000192, 0.0
0.098982, -0.000199, 0.0
0.098881, -0.000206, 0.0
0.098780, -0.000213, 0.0
0.098679, -0.000221, 0.0
0.098578, -0.000228, 0.0
0.098477, -0.000235, 0.0
0.098376, -0.000242, 0.0
0.098275, -0.000250, 0.0
0.098174, -0.000257, 0.0
0.098073, -0.000264, 0.0
0.097972, -0.000271, 0.0
0.097871, -0.000279, 0.0
0.097770, -0.000286, 0.0
0.097669, -0.000293, 0.0
0.097568, -0.000300, 0.0
0.097467, -0.000307, 0.0
0.097367, -0.000315, 0.0
0.097266, -0.000322, 0.0
0.097165, -0.000329, 0.0
0.097064, -0.000336, 0.0
0.096963, -0.000343, 0.0
0.096862, -0.000351, 0.0
0.096761, -0.000358, 0.0
0.096660, -0.000365, 0.0
0.096559, -0.000372, 0.0
0.096458, -0.000379, 0.0
0.096358, -0.000386, 0.0
0.096257, -0.000394, 0.0
0.096156, -0.000401, 0.0
0.096055, -0.000408, 0.0
0.095954, -0.000415, 0.0
0.095853, -0.000422, 0.0
0.095752, -0.000429, 0.0
0.095652, -0.000436, 0.0
0.095551, -0.000443, 0.0
0.095450, -0.000451, 0.0
0.095349, -0.000458, 0.0
0.095248, -0.000465, 0.0
0.095147, -0.000472, 0.0
0.095047, -0.000479, 0.0
0.094946, -0.000486, 0.0
0.094845, -0.000493, 0.0
0.094744, -0.000500, 0.0
0.094643, -0.000507, 0.0
0.094543, -0.000514, 0.0
0.094442, -0.000521, 0.0
0.094341, -0.000528, 0.0
0.094240, -0.000535, 0.0
0.094139, -0.000542, 0.0
0.094039, -0.000550, 0.0
0.093938, -0.000557, 0.0
0.093837, -0.000564, 0.0
0.093736, -0.000571, 0.0
0.093635, -0.000578, 0.0
0.093535, -0.000585, 0.0
0.093434, -0.000592, 0.0
0.093333, -0.000599, 0.0
0.093232, -0.000606, 0.0
0.093132, -0.000613, 0.0
0.093031, -0.000620, 0.0
0.092930, -0.000627, 0.0
0.092829, -0.000634, 0.0
0.092729, -0.000641, 0.0
0.092628, -0.000648, 0.0
0.092527, -0.000655, 0.0
0.092427, -0.000662, 0.0
0.092326, -0.000669, 0.0
0.092225, -0.000676, 0.0
0.092124, -0.000683, 0.0
0.092024, -0.000690, 0.0
0.091923, -0.000697, 0.0
0.091822, -0.000704, 0.0
0.091722, -0.000710, 0.0
0.091621, -0.000717, 0.0
0.091520, -0.000724, 0.0
0.091419, -0.000731, 0.0
0.091319, -0.000738, 0.0
0.091218, -0.000745, 0.0
0.091117, -0.000752, 0.0
0.091017, -0.000759, 0.0
0.090916, -0.000766, 0.0
0.090815, -0.000773, 0.0
0.090715, -0.000780, 0.0
0.090614, -0.000787, 0.0
0.090513, -0.000794, 0.0
0.090413, -0.000801, 0.0
0.090312, -0.000807, 0.0
0.090212, -0.000814, 0.0
0.090111, -0.000821, 0.0
0.090010, -0.000828, 0.0
0.089910, -0.000835, 0.0
0.089809, -0.000842, 0.0
0.089708, -0.000849, 0.0
0.089608, -0.000856, 0.0
0.089507, -0.000863, 0.0
0.089407, -0.000869, 0.0
0.089306, -0.000876, 0.0
0.089205, -0.000883, 0.0
0.089105, -0.000890, 0.0
0.089004, -0.000897, 0.0
0.088904, -0.000904, 0.0
0.088803, -0.000911, 0.0
0.088702, -0.000918, 0.0
0.088602, -0.000924, 0.0
0.088501, -0.000931, 0.0
0.088401, -0.000938, 0.0
0.088300, -0.000945, 0.0
0.088199, -0.000952, 0.0
0.088099, -0.000959, 0.0
0.087998, -0.000965, 0.0
0.087898, -0.000972, 0.0
0.087797, -0.000979, 0.0
0.087697, -0.000986, 0.0
0.087596, -0.000993, 0.0
0.087496, -0.001000, 0.0
0.087395, -0.001006, 0.0
0.087294, -0.001013, 0.0
0.087194, -0.001020, 0.0
0.087093, -0.001027, 0.0
0.086993, -0.001034, 0.0
0.086892, -0.001040, 0.0
0.086792, -0.001047, 0.0
0.086691, -0.001054, 0.0
0.086591, -0.001061, 0.0
0.086490, -0.001068, 0.0
0.086390, -0.001074, 0.0
0.086289, -0.001081, 0.0
0.086189, -0.001088, 0.0
0.086088, -0.001095, 0.0
0.085988, -0.001102, 0.0
0.085887, -0.001108, 0.0
0.085787, -0.001115, 0.0
0.085686, -0.001122, 0.0
0.085586, -0.001129, 0.0
0.085485, -0.001135, 0.0
0.085385, -0.001142, 0.0
0.085284, -0.001149, 0.0
0.085184, -0.001156, 0.0
0.085083, -0.001163, 0.0
0.084983, -0.001169, 0.0
0.084882, -0.001176, 0.0
0.084782, -0.001183, 0.0
0.084682, -0.001190, 0.0
0.084581, -0.001196, 0.0
0.084481, -0.001203, 0.0
0.084380, -0.001210, 0.0
0.084280, -0.001216, 0.0
0.084179, -0.001223, 0.0
0.084079, -0.001230, 0.0
0.083978, -0.001237, 0.0
0.083878, -0.001243, 0.0
0.083778, -0.001250, 0.0
0.083677, -0.001257, 0.0
0.083577, -0.001264, 0.0
0.083476, -0.001270, 0.0
0.083376, -0.001277, 0.0
0.083275, -0.001284, 0.0
0.083175, -0.001290, 0.0
0.083075, -0.001297, 0.0
0.082974, -0.001304, 0.0
0.082874, -0.001311, 0.0
0.082774, -0.001317, 0.0
0.082673, -0.001324, 0.0
0.082573, -0.001331, 0.0
0.082472, -0.001337, 0.0
0.082372, -0.001344, 0.0
0.082272, -0.001351, 0.0
0.082171, -0.001357, 0.0
0.082071, -0.001364, 0.0
0.081970, -0.001371, 0.0
0.081870, -0.001378, 0.0
0.081770, -0.001384, 0.0
0.081669, -0.001391, 0.0
0.081569, -0.001398, 0.0
0.081469, -0.001404, 0.0
0.081368, -0.001411, 0.0
0.081268, -0.001418, 0.0
0.081168, -0.001424, 0.0
0.081067, -0.001431, 0.0
0.080967, -0.001438, 0.0
0.080867, -0.001444, 0.0
0.080766, -0.001451, 0.0
0.080666, -0.001458, 0.0
0.080566, -0.001464, 0.0
0.080465, -0.001471, 0.0
0.080365, -0.001478, 0.0
0.080265, -0.001484, 0.0
0.080164, -0.001491, 0.0
0.080064, -0.001497, 0.0
0.079964, -0.001504, 0.0
0.079863, -0.001511, 0.0
0.079763, -0.001517, 0.0
0.079663, -0.001524, 0.0
0.079563, -0.001531, 0.0
0.079462, -0.001537, 0.0
0.079362, -0.001544, 0.0
0.079262, -0.001551, 0.0
0.079161, -0.001557, 0.0
0.079061, -0.001564, 0.0
0.078961, -0.001570, 0.0
0.078861, -0.001577, 0.0
0.078760, -0.001584, 0.0
0.078660, -0.001590, 0.0
0.078560, -0.001597, 0.0
0.078460, -0.001604, 0.0
0.078359, -0.001610, 0.0
0.078259, -0.001617, 0.0
0.078159, -0.001623, 0.0
0.078059, -0.001630, 0.0
0.077958, -0.001637, 0.0
0.077858, -0.001643, 0.0
0.077758, -0.001650, 0.0
0.077658, -0.001656, 0.0
0.077557, -0.001663, 0.0
0.077457, -0.001670, 0.0
0.077357, -0.001676, 0.0
0.077257, -0.001683, 0.0
0.077156, -0.001689, 0.0
0.077056, -0.001696, 0.0
0.076956, -0.001702, 0.0
0.076856, -0.001709, 0.0
0.076756, -0.001716, 0.0
0.076655, -0.001722, 0.0
0.076555, -0.001729, 0.0
0.076455, -0.001735, 0.0
0.076355, -0.001742, 0.0
0.076255, -0.001748, 0.0
0.076154, -0.001755, 0.0
0.076054, -0.001762, 0.0
0.075954, -0.001768, 0.0
0.075854, -0.001775, 0.0
0.075754, -0.001781, 0.0
0.075653, -0.001788, 0.0
0.075553, -0.001794, 0.0
0.075453, -0.001801, 0.0
0.075353, -0.001807, 0.0
0.075253, -0.001814, 0.0
0.075153, -0.001820, 0.0
0.075052, -0.001827, 0.0
0.074952, -0.001834, 0.0
0.074852, -0.001840, 0.0
0.074752, -0.001847, 0.0
0.074652, -0.001853, 0.0
0.074552, -0.001860, 0.0
0.074452, -0.001866, 0.0
0.074351, -0.001873, 0.0
0.074251, -0.001879, 0.0
0.074151, -0.001886, 0.0
0.074051, -0.001892, 0.0
0.073951, -0.001899, 0.0
0.073851, -0.001905, 0.0
0.073751, -0.001912, 0.0
0.073651, -0.001918, 0.0
0.073550, -0.001925, 0.0
0.073450, -0.001931, 0.0
0.073350, -0.001938, 0.0
0.073250, -0.001944, 0.0
0.073150, -0.001951, 0.0
0.073050, -0.001957, 0.0
0.072950, -0.001964, 0.0
0.072850, -0.001970, 0.0
0.072750, -0.001977, 0.0
0.072649, -0.001983, 0.0
0.072549, -0.001990, 0.0
0.072449, -0.001996, 0.0
0.072349, -0.002003, 0.0
0.072249, -0.002009, 0.0
0.072149, -0.002016, 0.0
0.072049, -0.002022, 0.0
0.071949, -0.002029, 0.0
0.071849, -0.002035, 0.0
0.071749, -0.002042, 0.0
0.071649, -0.002048, 0.0
0.071549, -0.002054, 0.0
0.071449, -0.002061, 0.0
0.071348, -0.002067, 0.0
0.071248, -0.002074, 0.0
0.071148, -0.002080, 0.0
0.071048, -0.002087, 0.0
0.070948, -0.002093, 0.0
0.070848, -0.002100, 0.0
0.070748, -0.002106, 0.0
0.070648, -0.002112, 0.0
0.070548, -0.002119, 0.0
0.070448, -0.002125, 0.0
0.070348, -0.002132, 0.0
0.070248, -0.002138, 0.0
0.070148, -0.002145, 0.0
0.070048, -0.002151, 0.0
0.069948, -0.002157, 0.0
0.069848, -0.002164, 0.0
0.069748, -0.002170, 0.0
0.069648, -0.002177, 0.0
0.069548, -0.002183, 0.0
0.069448, -0.002189, 0.0
0.069348, -0.002196, 0.0
0.069248, -0.002202, 0.0
0.069148, -0.002209, 0.0
0.069048, -0.002215, 0.0
0.068948, -0.002221, 0.0
0.068848, -0.002228, 0.0
0.068748, -0.002234, 0.0
0.068648, -0.002240, 0.0
0.068548, -0.002247, 0.0
0.068448, -0.002253, 0.0
0.068348, -0.002260, 0.0
0.068248, -0.002266, 0.0
0.068148, -0.002272, 0.0
0.068048, -0.002279, 0.0
0.067948, -0.002285, 0.0
0.067848, -0.002291, 0.0
0.067748, -0.002298, 0.0
0.067648, -0.002304, 0.0
0.067548, -0.002310, 0.0
0.067448, -0.002317, 0.0
0.067348, -0.002323, 0.0
0.067248, -0.002329, 0.0
0.067148, -0.002336, 0.0
0.067048, -0.002342, 0.0
0.066949, -0.002348, 0.0
0.066849, -0.002355, 0.0
0.066749, -0.002361, 0.0
0.066649, -0.002367, 0.0
0.066549, -0.002374, 0.0
0.066449, -0.002380, 0.0
0.066349, -0.002386, 0.0
0.066249, -0.002393, 0.0
0.066149, -0.002399, 0.0
0.066049, -0.002405, 0.0
0.065949, -0.002411, 0.0
0.065849, -0.002418, 0.0
0.065749, -0.002424, 0.0
0.065649, -0.002430, 0.0
0.065550, -0.002437, 0.0
0.065450, -0.002443, 0.0
0.065350, -0.002449, 0.0
0.065250, -0.002455, 0.0
0.065150, -0.002462, 0.0
0.065050, -0.002468, 0.0
0.064950, -0.002474, 0.0
0.064850, -0.002480, 0.0
0.064750, -0.002487, 0.0
0.064651, -0.002493, 0.0
0.064551, -0.002499, 0.0
0.064451, -0.002505, 0.0
0.064351, -0.002511, 0.0
0.064251, -0.002518, 0.0
0.064151, -0.002524, 0.0
0.064051, -0.002530, 0.0
0.063951, -0.002536, 0.0
0.063852, -0.002543, 0.0
0.063752, -0.002549, 0.0
0.063652, -0.002555, 0.0
0.063552, -0.002561, 0.0
0.063452, -0.002567, 0.0
0.063352, -0.002573, 0.0
0.063252, -0.002580, 0.0
0.063152, -0.002586, 0.0
0.063053, -0.002592, 0.0
0.062953, -0.002598, 0.0
0.062853, -0.002604, 0.0
0.062753, -0.002610, 0.0
0.062653, -0.002617, 0.0
0.062553, -0.002623, 0.0
0.062454, -0.002629, 0.0
0.062354, -0.002635, 0.0
0.062254, -0.002641, 0.0
0.062154, -0.002647, 0.0
0.062054, -0.002653, 0.0
0.061954, -0.002660, 0.0
0.061855, -0.002666, 0.0
0.061755, -0.002672, 0.0
0.061655, -0.002678, 0.0
0.061555, -0.002684, 0.0
0.061455, -0.002690, 0.0
0.061356, -0.002696, 0.0
0.061256, -0.002702, 0.0
0.061156, -0.002708, 0.0
0.061056, -0.002714, 0.0
0.060956, -0.002720, 0.0
0.060857, -0.002727, 0.0
0.060757, -0.002733, 0.0
0.060657, -0.002739, 0.0
0.060557, -0.002745, 0.0
0.060457, -0.002751, 0.0
0.060358, -0.002757, 0.0
0.060258, -0.002763, 0.0
0.060158, -0.002769, 0.0
0.060058, -0.002775, 0.0
0.059958, -0.002781, 0.0
0.059859, -0.002787, 0.0
0.059759, -0.002793, 0.0
0.059659, -0.002799, 0.0
0.059559, -0.002805, 0.0
0.059460, -0.002811, 0.0
0.059360, -0.002817, 0.0
0.059260, -0.002823, 0.0
0.059160, -0.002829, 0.0
0.059061, -0.002835, 0.0
0.058961, -0.002841, 0.0
0.058861, -0.002847, 0.0
0.058761, -0.002853, 0.0
0.058662, -0.002859, 0.0
0.058562, -0.002864, 0.0
0.058462, -0.002870, 0.0
0.058362, -0.002876, 0.0
0.058263, -0.002882, 0.0
0.058163, -0.002888, 0.0
0.058063, -0.002894, 0.0
0.057963, -0.002900, 0.0
0.057864, -0.002906, 0.0
0.057764, -0.002912, 0.0
0.057664, -0.002918, 0.0
0.057564, -0.002923, 0.0
0.057465, -0.002929, 0.0
0.057365, -0.002935, 0.0
0.057265, -0.002941, 0.0
0.057166, -0.002947, 0.0
0.057066, -0.002953, 0.0
0.056966, -0.002959, 0.0
0.056866, -0.002964, 0.0
0.056767, -0.002970, 0.0
0.056667, -0.002976, 0.0
0.056567, -0.002982, 0.0
0.056468, -0.002988, 0.0
0.056368, -0.002993, 0.0
0.056268, -0.002999, 0.0
0.056169, -0.003005, 0.0
0.056069, -0.003011, 0.0
0.055969, -0.003016, 0.0
0.055869, -0.003022, 0.0
0.055770, -0.003028, 0.0
0.055670, -0.003034, 0.0
0.055570, -0.003039, 0.0
0.055471, -0.003045, 0.0
0.055371, -0.003051, 0.0
0.055271, -0.003057, 0.0
0.055172, -0.003062, 0.0
0.055072, -0.003068, 0.0
0.054972, -0.003074, 0.0
0.054873, -0.003079, 0.0
0.054773, -0.003085, 0.0
0.054673, -0.003091, 0.0
0.054574, -0.003096, 0.0
0.054474, -0.003102, 0.0
0.054374, -0.003108, 0.0
0.054275, -0.003113, 0.0
0.054175, -0.003119, 0.0
0.054075, -0.003124, 0.0
0.053976, -0.003130, 0.0
0.053876, -0.003136, 0.0
0.053776, -0.003141, 0.0
0.053677, -0.003147, 0.0
0.053577, -0.003152, 0.0
0.053477, -0.003158, 0.0
0.053378, -0.003163, 0.0
0.053278, -0.003169, 0.0
0.053178, -0.003175, 0.0
0.053079, -0.003180, 0.0
0.052979, -0.003186, 0.0
0.052880, -0.003191, 0.0
0.052780, -0.003197, 0.0
0.052680, -0.003202, 0.0
0.052581, -0.003208, 0.0
0.052481, -0.003213, 0.0
0.052381, -0.003218, 0.0
0.052282, -0.003224, 0.0
0.052182, -0.003229, 0.0
0.052083, -0.003235, 0.0
0.051983, -0.003240, 0.0
0.051883, -0.003246, 0.0
0.051784, -0.003251, 0.0
0.051684, -0.003256, 0.0
0.051585, -0.003262, 0.0
0.051485, -0.003267, 0.0
0.051385, -0.003273, 0.0
0.051286, -0.003278, 0.0
0.051186, -0.003283, 0.0
0.051086, -0.003289, 0.0
0.050987, -0.003294, 0.0
0.050887, -0.003299, 0.0
0.050788, -0.003305, 0.0
0.050688, -0.003310, 0.0
0.050588, -0.003315, 0.0
0.050489, -0.003320, 0.0
0.050389, -0.003326, 0.0
0.050290, -0.003331, 0.0
0.050190, -0.003336, 0.0
0.050091, -0.003341, 0.0
0.049991, -0.003347, 0.0
0.049891, -0.003352, 0.0
0.049792, -0.003357, 0.0
0.049692, -0.003362, 0.0
0.049593, -0.003367, 0.0
0.049493, -0.003373, 0.0
0.049394, -0.003378, 0.0
0.049294, -0.003383, 0.0
0.049194, -0.003388, 0.0
0.049095, -0.003393, 0.0
0.048995, -0.003398, 0.0
0.048896, -0.003403, 0.0
0.048796, -0.003408, 0.0
0.048697, -0.003414, 0.0
0.048597, -0.003419, 0.0
0.048497, -0.003424, 0.0
0.048398, -0.003429, 0.0
0.048298, -0.003434, 0.0
0.048199, -0.003439, 0.0
0.048099, -0.003444, 0.0
0.048000, -0.003449, 0.0
0.047900, -0.003454, 0.0
0.047801, -0.003459, 0.0
0.047701, -0.003464, 0.0
0.047601, -0.003469, 0.0
0.047502, -0.003474, 0.0
0.047402, -0.003478, 0.0
0.047303, -0.003483, 0.0
0.047203, -0.003488, 0.0
0.047104, -0.003493, 0.0
0.047004, -0.003498, 0.0
0.046905, -0.003503, 0.0
0.046805, -0.003508, 0.0
0.046706, -0.003512, 0.0
0.046606, -0.003517, 0.0
0.046507, -0.003522, 0.0
0.046407, -0.003527, 0.0
0.046307, -0.003532, 0.0
0.046208, -0.003536, 0.0
0.046108, -0.003541, 0.0
0.046009, -0.003546, 0.0
0.045909, -0.003551, 0.0
0.045810, -0.003555, 0.0
0.045710, -0.003560, 0.0
0.045611, -0.003565, 0.0
0.045511, -0.003569, 0.0
0.045412, -0.003574, 0.0
0.045312, -0.003579, 0.0
0.045213, -0.003583, 0.0
0.045113, -0.003588, 0.0
0.045014, -0.003592, 0.0
0.044914, -0.003597, 0.0
0.044815, -0.003602, 0.0
0.044715, -0.003606, 0.0
0.044616, -0.003611, 0.0
0.044516, -0.003615, 0.0
0.044417, -0.003620, 0.0
0.044317, -0.003624, 0.0
0.044218, -0.003629, 0.0
0.044118, -0.003633, 0.0
0.044019, -0.003638, 0.0
0.043919, -0.003642, 0.0
0.043820, -0.003646, 0.0
0.043720, -0.003651, 0.0
0.043621, -0.003655, 0.0
0.043521, -0.003660, 0.0
0.043422, -0.003664, 0.0
0.043322, -0.003668, 0.0
0.043223, -0.003673, 0.0
0.043123, -0.003677, 0.0
0.043024, -0.003681, 0.0
0.042924, -0.003685, 0.0
0.042825, -0.003690, 0.0
0.042725, -0.003694, 0.0
0.042626, -0.003698, 0.0
0.042526, -0.003702, 0.0
0.042427, -0.003706, 0.0
0.042327, -0.003711, 0.0
0.042228, -0.003715, 0.0
0.042129, -0.003719, 0.0
0.042029, -0.003723, 0.0
0.041930, -0.003727, 0.0
0.041830, -0.003731, 0.0
0.041731, -0.003735, 0.0
0.041631, -0.003739, 0.0
0.041532, -0.003743, 0.0
0.041432, -0.003747, 0.0
0.041333, -0.003751, 0.0
0.041233, -0.003755, 0.0
0.041134, -0.003759, 0.0
0.041034, -0.003763, 0.0
0.040935, -0.003767, 0.0
0.040835, -0.003771, 0.0
0.040736, -0.003775, 0.0
0.040637, -0.003779, 0.0
0.040537, -0.003783, 0.0
0.040438, -0.003786, 0.0
0.040338, -0.003790, 0.0
0.040239, -0.003794, 0.0
0.040139, -0.003798, 0.0
0.040040, -0.003802, 0.0
0.039941, -0.003805, 0.0
0.039842, -0.003809, 0.0
0.039744, -0.003813, 0.0
0.039645, -0.003816, 0.0
0.039546, -0.003820, 0.0
0.039448, -0.003824, 0.0
0.039349, -0.003827, 0.0
0.039250, -0.003831, 0.0
0.039152, -0.003835, 0.0
0.039053, -0.003839, 0.0
0.038954, -0.003842, 0.0
0.038856, -0.003846, 0.0
0.038757, -0.003849, 0.0
0.038659, -0.003853, 0.0
0.038560, -0.003857, 0.0
0.038461, -0.003860, 0.0
0.038363, -0.003864, 0.0
0.038264, -0.003868, 0.0
0.038165, -0.003871, 0.0
0.038067, -0.003875, 0.0
0.037968, -0.003878, 0.0
0.037870, -0.003882, 0.0
0.037771, -0.003886, 0.0
0.037672, -0.003889, 0.0
0.037574, -0.003893, 0.0
0.037475, -0.003896, 0.0
0.037377, -0.003900, 0.0
0.037278, -0.003903, 0.0
0.037179, -0.003907, 0.0
0.037081, -0.003910, 0.0
0.036982, -0.003914, 0.0
0.036884, -0.003917, 0.0
0.036785, -0.003921, 0.0
0.036686, -0.003924, 0.0
0.036588, -0.003928, 0.0
0.036489, -0.003931, 0.0
0.036391, -0.003935, 0.0
0.036292, -0.003938, 0.0
0.036193, -0.003941, 0.0
0.036095, -0.003945, 0.0
0.035996, -0.003948, 0.0
0.035898, -0.003952, 0.0
0.035799, -0.003955, 0.0
0.035700, -0.003958, 0.0
0.035602, -0.003962, 0.0
0.035503, -0.003965, 0.0
0.035405, -0.003968, 0.0
0.035306, -0.003972, 0.0
0.035207, -0.003975, 0.0
0.035109, -0.003978, 0.0
0.035010, -0.003982, 0.0
0.034912, -0.003985, 0.0
0.034813, -0.003988, 0.0
0.034715, -0.003991, 0.0
0.034616, -0.003995, 0.0
0.034517, -0.003998, 0.0
0.034419, -0.004001, 0.0
0.034320, -0.004004, 0.0
0.034222, -0.004007, 0.0
0.034123, -0.004010, 0.0
0.034024, -0.004014, 0.0
0.033926, -0.004017, 0.0
0.033827, -0.004020, 0.0
0.033729, -0.004023, 0.0
0.033630, -0.004026, 0.0
0.033532, -0.004029, 0.0
0.033433, -0.004032, 0.0
0.033334, -0.004035, 0.0
0.033236, -0.004038, 0.0
0.033137, -0.004041, 0.0
0.033039, -0.004044, 0.0
0.032940, -0.004047, 0.0
0.032841, -0.004050, 0.0
0.032743, -0.004053, 0.0
0.032644, -0.004056, 0.0
0.032546, -0.004059, 0.0
0.032447, -0.004062, 0.0
0.032349, -0.004065, 0.0
0.032250, -0.004068, 0.0
0.032151, -0.004071, 0.0
0.032053, -0.004074, 0.0
0.031954, -0.004076, 0.0
0.031856, -0.004079, 0.0
0.031757, -0.004082, 0.0
0.031658, -0.004085, 0.0
0.031560, -0.004087, 0.0
0.031461, -0.004090, 0.0
0.031363, -0.004093, 0.0
0.031264, -0.004096, 0.0
0.031166, -0.004098, 0.0
0.031067, -0.004101, 0.0
0.030968, -0.004104, 0.0
0.030870, -0.004106, 0.0
0.030771, -0.004109, 0.0
0.030673, -0.004111, 0.0
0.030574, -0.004114, 0.0
0.030475, -0.004117, 0.0
0.030377, -0.004119, 0.0
0.030278, -0.004122, 0.0
0.030180, -0.004124, 0.0
0.030081, -0.004127, 0.0
0.029982, -0.004129, 0.0
0.029884, -0.004131, 0.0
0.029785, -0.004134, 0.0
0.029687, -0.004136, 0.0
0.029588, -0.004139, 0.0
0.029489, -0.004141, 0.0
0.029391, -0.004143, 0.0
0.029292, -0.004146, 0.0
0.029194, -0.004148, 0.0
0.029095, -0.004150, 0.0
0.028996, -0.004152, 0.0
0.028898, -0.004155, 0.0
0.028799, -0.004157, 0.0
0.028700, -0.004159, 0.0
0.028602, -0.004161, 0.0
0.028503, -0.004163, 0.0
0.028405, -0.004165, 0.0
0.028306, -0.004167, 0.0
0.028207, -0.004169, 0.0
0.028109, -0.004171, 0.0
0.028010, -0.004173, 0.0
0.027911, -0.004175, 0.0
0.027813, -0.004177, 0.0
0.027714, -0.004179, 0.0
0.027615, -0.004181, 0.0
0.027517, -0.004183, 0.0
0.027418, -0.004185, 0.0
0.027320, -0.004187, 0.0
0.027221, -0.004188, 0.0
0.027122, -0.004190, 0.0
0.027024, -0.004192, 0.0
0.026925, -0.004194, 0.0
0.026826, -0.004195, 0.0
0.026728, -0.004197, 0.0
0.026629, -0.004198, 0.0
0.026530, -0.004200, 0.0
0.026432, -0.004202, 0.0
0.026333, -0.004203, 0.0
0.026234, -0.004205, 0.0
0.026136, -0.004206, 0.0
0.026037, -0.004208, 0.0
0.025938, -0.004209, 0.0
0.025840, -0.004210, 0.0
0.025741, -0.004212, 0.0
0.025642, -0.004213, 0.0
0.025543, -0.004214, 0.0
0.025445, -0.004216, 0.0
0.025346, -0.004217, 0.0
0.025247, -0.004218, 0.0
0.025149, -0.004219, 0.0
0.025050, -0.004220, 0.0
0.024951, -0.004221, 0.0
0.024852, -0.004222, 0.0
0.024754, -0.004224, 0.0
0.024655, -0.004225, 0.0
0.024556, -0.004225, 0.0
0.024458, -0.004226, 0.0
0.024359, -0.004227, 0.0
0.024260, -0.004228, 0.0
0.024161, -0.004229, 0.0
0.024063, -0.004230, 0.0
0.023964, -0.004231, 0.0
0.023865, -0.004231, 0.0
0.023766, -0.004232, 0.0
0.023667, -0.004233, 0.0
0.023569, -0.004233, 0.0
0.023470, -0.004234, 0.0
0.023371, -0.004234, 0.0
0.023272, -0.004235, 0.0
0.023174, -0.004235, 0.0
0.023075, -0.004236, 0.0
0.022976, -0.004236, 0.0
0.022877, -0.004236, 0.0
0.022778, -0.004237, 0.0
0.022680, -0.004237, 0.0
0.022581, -0.004237, 0.0
0.022482, -0.004237, 0.0
0.022383, -0.004238, 0.0
0.022284, -0.004238, 0.0
0.022185, -0.004238, 0.0
0.022087, -0.004238, 0.0
0.021988, -0.004238, 0.0
0.021889, -0.004238, 0.0
0.021790, -0.004238, 0.0
0.021691, -0.004237, 0.0
0.021592, -0.004237, 0.0
0.021493, -0.004237, 0.0
0.021394, -0.004237, 0.0
0.021296, -0.004236, 0.0
0.021197, -0.004236, 0.0
0.021098, -0.004236, 0.0
0.020999, -0.004235, 0.0
0.020900, -0.004235, 0.0
0.020801, -0.004234, 0.0
0.020702, -0.004233, 0.0
0.020603, -0.004233, 0.0
0.020504, -0.004232, 0.0
0.020405, -0.004231, 0.0
0.020306, -0.004231, 0.0
0.020207, -0.004230, 0.0
0.020108, -0.004229, 0.0
0.020009, -0.004228, 0.0
0.019910, -0.004227, 0.0
0.019811, -0.004226, 0.0
0.019712, -0.004225, 0.0
0.019613, -0.004224, 0.0
0.019514, -0.004222, 0.0
0.019415, -0.004221, 0.0
0.019316, -0.004220, 0.0
0.019217, -0.004218, 0.0
0.019118, -0.004217, 0.0
0.019019, -0.004215, 0.0
0.018920, -0.004214, 0.0
0.018821, -0.004212, 0.0
0.018722, -0.004211, 0.0
0.018623, -0.004209, 0.0
0.018524, -0.004207, 0.0
0.018425, -0.004205, 0.0
0.018326, -0.004204, 0.0
0.018227, -0.004202, 0.0
0.018128, -0.004200, 0.0
0.018028, -0.004197, 0.0
0.017929, -0.004195, 0.0
0.017830, -0.004193, 0.0
0.017731, -0.004191, 0.0
0.017632, -0.004189, 0.0
0.017533, -0.004186, 0.0
0.017433, -0.004184, 0.0
0.017334, -0.004181, 0.0
0.017235, -0.004179, 0.0
0.017136, -0.004176, 0.0
0.017037, -0.004173, 0.0
0.016937, -0.004171, 0.0
0.016838, -0.004168, 0.0
0.016739, -0.004165, 0.0
0.016640, -0.004162, 0.0
0.016540, -0.004159, 0.0
0.016441, -0.004156, 0.0
0.016342, -0.004153, 0.0
0.016243, -0.004149, 0.0
0.016143, -0.004146, 0.0
0.016044, -0.004143, 0.0
0.015945, -0.004139, 0.0
0.015845, -0.004136, 0.0
0.015746, -0.004132, 0.0
0.015646, -0.004128, 0.0
0.015547, -0.004124, 0.0
0.015448, -0.004121, 0.0
0.015348, -0.004117, 0.0
0.015249, -0.004113, 0.0
0.015150, -0.004108, 0.0
0.015050, -0.004104, 0.0
0.014951, -0.004100, 0.0
0.014851, -0.004096, 0.0
0.014752, -0.004091, 0.0
0.014652, -0.004087, 0.0
0.014553, -0.004082, 0.0
0.014453, -0.004077, 0.0
0.014354, -0.004073, 0.0
0.014254, -0.004068, 0.0
0.014155, -0.004063, 0.0
0.014055, -0.004058, 0.0
0.013955, -0.004053, 0.0
0.013856, -0.004047, 0.0
0.013756, -0.004042, 0.0
0.013657, -0.004037, 0.0
0.013557, -0.004031, 0.0
0.013457, -0.004025, 0.0
0.013358, -0.004020, 0.0
0.013258, -0.004014, 0.0
0.013158, -0.004008, 0.0
0.013059, -0.004002, 0.0
0.012959, -0.003996, 0.0
0.012859, -0.003990, 0.0
0.012759, -0.003983, 0.0
0.012660, -0.003977, 0.0
0.012560, -0.003970, 0.0
0.012460, -0.003964, 0.0
0.012360, -0.003957, 0.0
0.012260, -0.003950, 0.0
0.012161, -0.003943, 0.0
0.012061, -0.003936, 0.0
0.011961, -0.003929, 0.0
0.011861, -0.003921, 0.0
0.011761, -0.003914, 0.0
0.011661, -0.003906, 0.0
0.011561, -0.003898, 0.0
0.011461, -0.003891, 0.0
0.011361, -0.003883, 0.0
0.011261, -0.003875, 0.0
0.011161, -0.003866, 0.0
0.011061, -0.003858, 0.0
0.010961, -0.003849, 0.0
0.010861, -0.003841, 0.0
0.010761, -0.003832, 0.0
0.010661, -0.003823, 0.0
0.010561, -0.003814, 0.0
0.010460, -0.003805, 0.0
0.010360, -0.003796, 0.0
0.010260, -0.003786, 0.0
0.010160, -0.003776, 0.0
0.010060, -0.003767, 0.0
0.009959, -0.003757, 0.0
0.009859, -0.003747, 0.0
0.009759, -0.003736, 0.0
0.009658, -0.003726, 0.0
0.009558, -0.003715, 0.0
0.009458, -0.003705, 0.0
0.009357, -0.003694, 0.0
0.009257, -0.003683, 0.0
0.009156, -0.003671, 0.0
0.009056, -0.003660, 0.0
0.008955, -0.003648, 0.0
0.008855, -0.003636, 0.0
0.008754, -0.003624, 0.0
0.008653, -0.003612, 0.0
0.008553, -0.003600, 0.0
0.008452, -0.003587, 0.0
0.008352, -0.003575, 0.0
0.008251, -0.003562, 0.0
0.008150, -0.003548, 0.0
0.008049, -0.003535, 0.0
0.007949, -0.003521, 0.0
0.007848, -0.003507, 0.0
0.007747, -0.003493, 0.0
0.007646, -0.003479, 0.0
0.007545, -0.003465, 0.0
0.007444, -0.003450, 0.0
0.007343, -0.003435, 0.0
0.007242, -0.003419, 0.0
0.007141, -0.003404, 0.0
0.007040, -0.003388, 0.0
0.006939, -0.003372, 0.0
0.006838, -0.003356, 0.0
0.006736, -0.003339, 0.0
0.006635, -0.003322, 0.0
0.006534, -0.003305, 0.0
0.006432, -0.003288, 0.0
0.006331, -0.003270, 0.0
0.006230, -0.003252, 0.0
0.006128, -0.003233, 0.0
0.006027, -0.003215, 0.0
0.005925, -0.003196, 0.0
0.005824, -0.003176, 0.0
0.005722, -0.003156, 0.0
0.005620, -0.003136, 0.0
0.005519, -0.003116, 0.0
0.005417, -0.003095, 0.0
0.005315, -0.003073, 0.0
0.005213, -0.003052, 0.0
0.005111, -0.003030, 0.0
0.005009, -0.003007, 0.0
0.004907, -0.002984, 0.0
0.004805, -0.002961, 0.0
0.004703, -0.002937, 0.0
0.004601, -0.002912, 0.0
0.004498, -0.002887, 0.0
0.004396, -0.002862, 0.0
0.004293, -0.002836, 0.0
0.004191, -0.002809, 0.0
0.004088, -0.002782, 0.0
0.003986, -0.002754, 0.0
0.003883, -0.002726, 0.0
0.003780, -0.002697, 0.0
0.003677, -0.002667, 0.0
0.003574, -0.002636, 0.0
0.003471, -0.002605, 0.0
0.003368, -0.002573, 0.0
0.003265, -0.002540, 0.0
0.003161, -0.002507, 0.0
0.003058, -0.002472, 0.0
0.002954, -0.002436, 0.0
0.002851, -0.002400, 0.0
0.002747, -0.002362, 0.0
0.002643, -0.002323, 0.0
0.002539, -0.002283, 0.0
0.002434, -0.002242, 0.0
0.002330, -0.002199, 0.0
0.002225, -0.002155, 0.0
0.002120, -0.002109, 0.0
0.002016, -0.002062, 0.0
0.001910, -0.002013, 0.0
0.001805, -0.001961, 0.0
0.001699, -0.001908, 0.0
0.001593, -0.001852, 0.0
0.001487, -0.001793, 0.0
0.001381, -0.001732, 0.0
0.001274, -0.001667, 0.0
0.001166, -0.001598, 0.0
0.001059, -0.001524, 0.0
0.000950, -0.001446, 0.0
0.000841, -0.001361, 0.0
0.000731, -0.001268, 0.0
0.000621, -0.001166, 0.0
0.000508, -0.001051, 0.0
0.000394, -0.000919, 0.0
0.000278, -0.000758, 0.0
0.000155, -0.000543, 0.0
0.000000, 0.000000, 0.0
0.000045, 0.000563, 0.0
0.000123, 0.000798, 0.0
0.000206, 0.000979, 0.0
0.000292, 0.001131, 0.0
0.000380, 0.001266, 0.0
0.000470, 0.001388, 0.0
0.000560, 0.001500, 0.0
0.000651, 0.001604, 0.0
0.000743, 0.001702, 0.0
0.000836, 0.001795, 0.0
0.000928, 0.001884, 0.0
0.001022, 0.001968, 0.0
0.001115, 0.002049, 0.0
0.001209, 0.002127, 0.0
0.001304, 0.002202, 0.0
0.001398, 0.002275, 0.0
0.001493, 0.002346, 0.0
0.001588, 0.002414, 0.0
0.001683, 0.002481, 0.0
0.001779, 0.002545, 0.0
0.001874, 0.002609, 0.0
0.001970, 0.002670, 0.0
0.002066, 0.002730, 0.0
0.002162, 0.002789, 0.0
0.002258, 0.002847, 0.0
0.002355, 0.002903, 0.0
0.002451, 0.002959, 0.0
0.002548, 0.003013, 0.0
0.002644, 0.003066, 0.0
0.002741, 0.003118, 0.0
0.002838, 0.003170, 0.0
0.002935, 0.003220, 0.0
0.003032, 0.003270, 0.0
0.003130, 0.003319, 0.0
0.003227, 0.003367, 0.0
0.003324, 0.003414, 0.0
0.003422, 0.003461, 0.0
0.003519, 0.003507, 0.0
0.003617, 0.003552, 0.0
0.003715, 0.003597, 0.0
0.003812, 0.003641, 0.0
0.003910, 0.003684, 0.0
0.004008, 0.003727, 0.0
0.004106, 0.003769, 0.0
0.004204, 0.003811, 0.0
0.004302, 0.003852, 0.0
0.004400, 0.003893, 0.0
0.004498, 0.003933, 0.0
0.004597, 0.003973, 0.0
0.004695, 0.004012, 0.0
0.004793, 0.004051, 0.0
0.004892, 0.004089, 0.0
0.004990, 0.004127, 0.0
0.005089, 0.004164, 0.0
0.005187, 0.004201, 0.0
0.005286, 0.004238, 0.0
0.005385, 0.004274, 0.0
0.005483, 0.004310, 0.0
0.005582, 0.004346, 0.0
0.005681, 0.004381, 0.0
0.005780, 0.004416, 0.0
0.005879, 0.004450, 0.0
0.005978, 0.004484, 0.0
0.006076, 0.004518, 0.0
0.006175, 0.004551, 0.0
0.006274, 0.004584, 0.0
0.006374, 0.004617, 0.0
0.006473, 0.004649, 0.0
0.006572, 0.004682, 0.0
0.006671, 0.004713, 0.0
0.006770, 0.004745, 0.0
0.006869, 0.004776, 0.0
0.006969, 0.004807, 0.0
0.007068, 0.004838, 0.0
0.007167, 0.004868, 0.0
0.007267, 0.004898, 0.0
0.007366, 0.004928, 0.0
0.007466, 0.004958, 0.0
0.007565, 0.004987, 0.0
0.007664, 0.005016, 0.0
0.007764, 0.005045, 0.0
0.007864, 0.005073, 0.0
0.007963, 0.005101, 0.0
0.008063, 0.005129, 0.0
0.008162, 0.005157, 0.0
0.008262, 0.005185, 0.0
0.008362, 0.005212, 0.0
0.008461, 0.005239, 0.0
0.008561, 0.005266, 0.0
0.008661, 0.005293, 0.0
0.008761, 0.005319, 0.0
0.008860, 0.005345, 0.0
0.008960, 0.005371, 0.0
0.009060, 0.005397, 0.0
0.009160, 0.005422, 0.0
0.009260, 0.005448, 0.0
0.009360, 0.005473, 0.0
0.009460, 0.005498, 0.0
0.009560, 0.005523, 0.0
0.009660, 0.005547, 0.0
0.009760, 0.005571, 0.0
0.009860, 0.005596, 0.0
0.009960, 0.005619, 0.0
0.010060, 0.005643, 0.0
0.010160, 0.005667, 0.0
0.010260, 0.005690, 0.0
0.010360, 0.005713, 0.0
0.010460, 0.005736, 0.0
0.010561, 0.005759, 0.0
0.010661, 0.005782, 0.0
0.010761, 0.005804, 0.0
0.010861, 0.005826, 0.0
0.010961, 0.005849, 0.0
0.011062, 0.005870, 0.0
0.011162, 0.005892, 0.0
0.011262, 0.005914, 0.0
0.011363, 0.005935, 0.0
0.011463, 0.005957, 0.0
0.011563, 0.005978, 0.0
0.011664, 0.005999, 0.0
0.011764, 0.006019, 0.0
0.011865, 0.006040, 0.0
0.011965, 0.006060, 0.0
0.012065, 0.006081, 0.0
0.012166, 0.006101, 0.0
0.012266, 0.006121, 0.0
0.012367, 0.006140, 0.0
0.012467, 0.006160, 0.0
0.012568, 0.006180, 0.0
0.012668, 0.006199, 0.0
0.012769, 0.006218, 0.0
0.012869, 0.006237, 0.0
0.012970, 0.006256, 0.0
0.013071, 0.006275, 0.0
0.013171, 0.006294, 0.0
0.013272, 0.006312, 0.0
0.013372, 0.006330, 0.0
0.013473, 0.006348, 0.0
0.013574, 0.006367, 0.0
0.013674, 0.006384, 0.0
0.013775, 0.006402, 0.0
0.013876, 0.006420, 0.0
0.013976, 0.006437, 0.0
0.014077, 0.006455, 0.0
0.014178, 0.006472, 0.0
0.014279, 0.006489, 0.0
0.014379, 0.006506, 0.0
0.014480, 0.006523, 0.0
0.014581, 0.006539, 0.0
0.014682, 0.006556, 0.0
0.014782, 0.006572, 0.0
0.014883, 0.006589, 0.0
0.014984, 0.006605, 0.0
0.015085, 0.006621, 0.0
0.015186, 0.006637, 0.0
0.015287, 0.006653, 0.0
0.015388, 0.006668, 0.0
0.015488, 0.006684, 0.0
0.015589, 0.006699, 0.0
0.015690, 0.006714, 0.0
0.015791, 0.006730, 0.0
0.015892, 0.006745, 0.0
0.015993, 0.006760, 0.0
0.016094, 0.006774, 0.0
0.016195, 0.006789, 0.0
0.016296, 0.006804, 0.0
0.016397, 0.006818, 0.0
0.016498, 0.006832, 0.0
0.016599, 0.006847, 0.0
0.016700, 0.006861, 0.0
0.016801, 0.006875, 0.0
0.016902, 0.006889, 0.0
0.017003, 0.006902, 0.0
0.017104, 0.006916, 0.0
0.017205, 0.006930, 0.0
0.017306, 0.006943, 0.0
0.017407, 0.006956, 0.0
0.017508, 0.006969, 0.0
0.017609, 0.006983, 0.0
0.017710, 0.006995, 0.0
0.017811, 0.007008, 0.0
0.017913, 0.007021, 0.0
0.018014, 0.007034, 0.0
0.018115, 0.007046, 0.0
0.018216, 0.007059, 0.0
0.018317, 0.007071, 0.0
0.018418, 0.007083, 0.0
0.018519, 0.007095, 0.0
0.018620, 0.007107, 0.0
0.018722, 0.007119, 0.0
0.018823, 0.007131, 0.0
0.018924, 0.007143, 0.0
0.019025, 0.007154, 0.0
0.019126, 0.007166, 0.0
0.019228, 0.007177, 0.0
0.019329, 0.007188, 0.0
0.019430, 0.007200, 0.0
0.019531, 0.007211, 0.0
0.019632, 0.007222, 0.0
0.019734, 0.007233, 0.0
0.019835, 0.007243, 0.0
0.019936, 0.007254, 0.0
0.020037, 0.007265, 0.0
0.020139, 0.007275, 0.0
0.020240, 0.007285, 0.0
0.020341, 0.007296, 0.0
0.020443, 0.007306, 0.0
0.020544, 0.007316, 0.0
0.020645, 0.007326, 0.0
0.020746, 0.007336, 0.0
0.020848, 0.007346, 0.0
0.020949, 0.007355, 0.0
0.021050, 0.007365, 0.0
0.021152, 0.007375, 0.0
0.021253, 0.007384, 0.0
0.021354, 0.007393, 0.0
0.021456, 0.007403, 0.0
0.021557, 0.007412, 0.0
0.021658, 0.007421, 0.0
0.021760, 0.007430, 0.0
0.021861, 0.007439, 0.0
0.021963, 0.007447, 0.0
0.022064, 0.007456, 0.0
0.022165, 0.007465, 0.0
0.022267, 0.007473, 0.0
0.022368, 0.007482, 0.0
0.022469, 0.007490, 0.0
0.022571, 0.007498, 0.0
0.022672, 0.007506, 0.0
0.022774, 0.007514, 0.0
0.022875, 0.007522, 0.0
0.022977, 0.007530, 0.0
0.023078, 0.007538, 0.0
0.023179, 0.007546, 0.0
0.023281, 0.007553, 0.0
0.023382, 0.007561, 0.0
0.023484, 0.007568, 0.0
0.023585, 0.007576, 0.0
0.023687, 0.007583, 0.0
0.023788, 0.007590, 0.0
0.023889, 0.007597, 0.0
0.023991, 0.007604, 0.0
0.024092, 0.007611, 0.0
0.024194, 0.007618, 0.0
0.024295, 0.007625, 0.0
0.024397, 0.007631, 0.0
0.024498, 0.007638, 0.0
0.024600, 0.007645, 0.0
0.024701, 0.007651, 0.0
0.024803, 0.007657, 0.0
0.024904, 0.007664, 0.0
0.025006, 0.007670, 0.0
0.025107, 0.007676, 0.0
0.025209, 0.007682, 0.0
0.025310, 0.007688, 0.0
0.025412, 0.007694, 0.0
0.025513, 0.007700, 0.0
0.025615, 0.007705, 0.0
0.025716, 0.007711, 0.0
0.025818, 0.007716, 0.0
0.025919, 0.007722, 0.0
0.026021, 0.007727, 0.0
0.026122, 0.007733, 0.0
0.026224, 0.007738, 0.0
0.026325, 0.007743, 0.0
0.026427, 0.007748, 0.0
0.026529, 0.007753, 0.0
0.026630, 0.007758, 0.0
0.026732, 0.007763, 0.0
0.026833, 0.007768, 0.0
0.026935, 0.007772, 0.0
0.027036, 0.007777, 0.0
0.027138, 0.007781, 0.0
0.027239, 0.007786, 0.0
0.027341, 0.007790, 0.0
0.027442, 0.007795, 0.0
0.027544, 0.007799, 0.0
0.027646, 0.007803, 0.0
0.027747, 0.007807, 0.0
0.027849, 0.007811, 0.0
0.027950, 0.007815, 0.0
0.028052, 0.007819, 0.0
0.028153, 0.007823, 0.0
0.028255, 0.007826, 0.0
0.028357, 0.007830, 0.0
0.028458, 0.007833, 0.0
0.028560, 0.007837, 0.0
0.028661, 0.007840, 0.0
0.028763, 0.007844, 0.0
0.028865, 0.007847, 0.0
0.028966, 0.007850, 0.0
0.029068, 0.007853, 0.0
0.029169, 0.007856, 0.0
0.029271, 0.007859, 0.0
0.029372, 0.007862, 0.0
0.029474, 0.007865, 0.0
0.029576, 0.007868, 0.0
0.029677, 0.007870, 0.0
0.029779, 0.007873, 0.0
0.029880, 0.007876, 0.0
0.029982, 0.007878, 0.0
0.030084, 0.007880, 0.0
0.030185, 0.007883, 0.0
0.030287, 0.007885, 0.0
0.030389, 0.007887, 0.0
0.030490, 0.007889, 0.0
0.030592, 0.007891, 0.0
0.030693, 0.007893, 0.0
0.030795, 0.007895, 0.0
0.030897, 0.007897, 0.0
0.030998, 0.007899, 0.0
0.031100, 0.007901, 0.0
0.031201, 0.007902, 0.0
0.031303, 0.007904, 0.0
0.031405, 0.007905, 0.0
0.031506, 0.007907, 0.0
0.031608, 0.007908, 0.0
0.031709, 0.007910, 0.0
0.031811, 0.007911, 0.0
0.031913, 0.007912, 0.0
0.032014, 0.007913, 0.0
0.032116, 0.007914, 0.0
0.032218, 0.007915, 0.0
0.032319, 0.007916, 0.0
0.032421, 0.007917, 0.0
0.032522, 0.007918, 0.0
0.032624, 0.007918, 0.0
0.032726, 0.007919, 0.0
0.032827, 0.007919, 0.0
0.032929, 0.007920, 0.0
0.033030, 0.007920, 0.0
0.033132, 0.007921, 0.0
0.033234, 0.007921, 0.0
0.033335, 0.007921, 0.0
0.033437, 0.007922, 0.0
0.033539, 0.007922, 0.0
0.033640, 0.007922, 0.0
0.033742, 0.007922, 0.0
0.033843, 0.007922, 0.0
0.033945, 0.007921, 0.0
0.034047, 0.007921, 0.0
0.034148, 0.007921, 0.0
0.034250, 0.007921, 0.0
0.034352, 0.007920, 0.0
0.034453, 0.007920, 0.0
0.034555, 0.007919, 0.0
0.034656, 0.007919, 0.0
0.034758, 0.007918, 0.0
0.034860, 0.007917, 0.0
0.034961, 0.007917, 0.0
0.035063, 0.007916, 0.0
0.035164, 0.007915, 0.0
0.035266, 0.007914, 0.0
0.035368, 0.007913, 0.0
0.035469, 0.007912, 0.0
0.035571, 0.007911, 0.0
0.035672, 0.007910, 0.0
0.035774, 0.007908, 0.0
0.035876, 0.007907, 0.0
0.035977, 0.007906, 0.0
0.036079, 0.007904, 0.0
0.036181, 0.007903, 0.0
0.036282, 0.007901, 0.0
0.036384, 0.007899, 0.0
0.036485, 0.007898, 0.0
0.036587, 0.007896, 0.0
0.036689, 0.007894, 0.0
0.036790, 0.007892, 0.0
0.036892, 0.007890, 0.0
0.036993, 0.007888, 0.0
0.037095, 0.007886, 0.0
0.037197, 0.007884, 0.0
0.037298, 0.007882, 0.0
0.037400, 0.007880, 0.0
0.037501, 0.007877, 0.0
0.037603, 0.007875, 0.0
0.037704, 0.007873, 0.0
0.037806, 0.007870, 0.0
0.037908, 0.007868, 0.0
0.038009, 0.007865, 0.0
0.038111, 0.007863, 0.0
0.038212, 0.007860, 0.0
0.038314, 0.007857, 0.0
0.038416, 0.007854, 0.0
0.038517, 0.007851, 0.0
0.038619, 0.007848, 0.0
0.038720, 0.007846, 0.0
0.038822, 0.007842, 0.0
0.038923, 0.007839, 0.0
0.039025, 0.007836, 0.0
0.039127, 0.007833, 0.0
0.039228, 0.007830, 0.0
0.039330, 0.007826, 0.0
0.039431, 0.007823, 0.0
0.039533, 0.007820, 0.0
0.039634, 0.007816, 0.0
0.039736, 0.007813, 0.0
0.039838, 0.007809, 0.0
0.039939, 0.007805, 0.0
0.040040, 0.007802, 0.0
0.040141, 0.007798, 0.0
0.040242, 0.007794, 0.0
0.040343, 0.007790, 0.0
0.040443, 0.007786, 0.0
0.040544, 0.007782, 0.0
0.040645, 0.007778, 0.0
0.040745, 0.007774, 0.0
0.040846, 0.007770, 0.0
0.040947, 0.007766, 0.0
0.041048, 0.007762, 0.0
0.041148, 0.007758, 0.0
0.041249, 0.007754, 0.0
0.041350, 0.007749, 0.0
0.041451, 0.007745, 0.0
0.041551, 0.007741, 0.0
0.041652, 0.007736, 0.0
0.041753, 0.007732, 0.0
0.041854, 0.007727, 0.0
0.041954, 0.007723, 0.0
0.042055, 0.007718, 0.0
0.042156, 0.007714, 0.0
0.042256, 0.007709, 0.0
0.042357, 0.007705, 0.0
0.042458, 0.007700, 0.0
0.042559, 0.007695, 0.0
0.042659, 0.007690, 0.0
0.042760, 0.007686, 0.0
0.042861, 0.007681, 0.0
0.042962, 0.007676, 0.0
0.043062, 0.007671, 0.0
0.043163, 0.007666, 0.0
0.043264, 0.007661, 0.0
0.043364, 0.007656, 0.0
0.043465, 0.007651, 0.0
0.043566, 0.007646, 0.0
0.043667, 0.007640, 0.0
0.043767, 0.007635, 0.0
0.043868, 0.007630, 0.0
0.043969, 0.007625, 0.0
0.044069, 0.007619, 0.0
0.044170, 0.007614, 0.0
0.044271, 0.007609, 0.0
0.044371, 0.007603, 0.0
0.044472, 0.007598, 0.0
0.044573, 0.007592, 0.0
0.044674, 0.007587, 0.0
0.044774, 0.007581, 0.0
0.044875, 0.007576, 0.0
0.044976, 0.007570, 0.0
0.045076, 0.007564, 0.0
0.045177, 0.007558, 0.0
0.045278, 0.007553, 0.0
0.045378, 0.007547, 0.0
0.045479, 0.007541, 0.0
0.045580, 0.007535, 0.0
0.045680, 0.007529, 0.0
0.045781, 0.007523, 0.0
0.045882, 0.007517, 0.0
0.045982, 0.007511, 0.0
0.046083, 0.007505, 0.0
0.046184, 0.007499, 0.0
0.046285, 0.007493, 0.0
0.046385, 0.007487, 0.0
0.046486, 0.007481, 0.0
0.046587, 0.007474, 0.0
0.046687, 0.007468, 0.0
0.046788, 0.007462, 0.0
0.046889, 0.007456, 0.0
0.046989, 0.007449, 0.0
0.047090, 0.007443, 0.0
0.047191, 0.007436, 0.0
0.047291, 0.007430, 0.0
0.047392, 0.007423, 0.0
0.047493, 0.007417, 0.0
0.047593, 0.007410, 0.0
0.047694, 0.007404, 0.0
0.047794, 0.007397, 0.0
0.047895, 0.007390, 0.0
0.047996, 0.007384, 0.0
0.048096, 0.007377, 0.0
0.048197, 0.007370, 0.0
0.048298, 0.007363, 0.0
0.048398, 0.007356, 0.0
0.048499, 0.007349, 0.0
0.048600, 0.007342, 0.0
0.048700, 0.007335, 0.0
0.048801, 0.007328, 0.0
0.048902, 0.007321, 0.0
0.049002, 0.007314, 0.0
0.049103, 0.007307, 0.0
0.049204, 0.007300, 0.0
0.049304, 0.007293, 0.0
0.049405, 0.007286, 0.0
0.049505, 0.007279, 0.0
0.049606, 0.007271, 0.0
0.049707, 0.007264, 0.0
0.049807, 0.007257, 0.0
0.049908, 0.007249, 0.0
0.050009, 0.007242, 0.0
0.050109, 0.007234, 0.0
0.050210, 0.007227, 0.0
0.050310, 0.007219, 0.0
0.050411, 0.007212, 0.0
0.050512, 0.007204, 0.0
0.050612, 0.007197, 0.0
0.050713, 0.007189, 0.0
0.050813, 0.007181, 0.0
0.050914, 0.007174, 0.0
0.051015, 0.007166, 0.0
0.051115, 0.007158, 0.0
0.051216, 0.007150, 0.0
0.051316, 0.007143, 0.0
0.051417, 0.007135, 0.0
0.051518, 0.007127, 0.0
0.051618, 0.007119, 0.0
0.051719, 0.007111, 0.0
0.051819, 0.007103, 0.0
0.051920, 0.007095, 0.0
0.052021, 0.007087, 0.0
0.052121, 0.007079, 0.0
0.052222, 0.007071, 0.0
0.052322, 0.007063, 0.0
0.052423, 0.007054, 0.0
0.052523, 0.007046, 0.0
0.052624, 0.007038, 0.0
0.052725, 0.007030, 0.0
0.052825, 0.007021, 0.0
0.052926, 0.007013, 0.0
0.053026, 0.007005, 0.0
0.053127, 0.006996, 0.0
0.053227, 0.006988, 0.0
0.053328, 0.006979, 0.0
0.053429, 0.006971, 0.0
0.053529, 0.006962, 0.0
0.053630, 0.006954, 0.0
0.053730, 0.006945, 0.0
0.053831, 0.006937, 0.0
0.053931, 0.006928, 0.0
0.054032, 0.006919, 0.0
0.054132, 0.006911, 0.0
0.054233, 0.006902, 0.0
0.054334, 0.006893, 0.0
0.054434, 0.006884, 0.0
0.054535, 0.006875, 0.0
0.054635, 0.006867, 0.0
0.054736, 0.006858, 0.0
0.054836, 0.006849, 0.0
0.054937, 0.006840, 0.0
0.055037, 0.006831, 0.0
0.055138, 0.006822, 0.0
0.055238, 0.006813, 0.0
0.055339, 0.006804, 0.0
0.055439, 0.006795, 0.0
0.055540, 0.006785, 0.0
0.055640, 0.006776, 0.0
0.055741, 0.006767, 0.0
0.055841, 0.006758, 0.0
0.055942, 0.006749, 0.0
0.056042, 0.006739, 0.0
0.056143, 0.006730, 0.0
0.056244, 0.006721, 0.0
0.056344, 0.006711, 0.0
0.056445, 0.006702, 0.0
0.056545, 0.006692, 0.0
0.056646, 0.006683, 0.0
0.056746, 0.006674, 0.0
0.056846, 0.006664, 0.0
0.056947, 0.006654, 0.0
0.057047, 0.006645, 0.0
0.057148, 0.006635, 0.0
0.057248, 0.006626, 0.0
0.057349, 0.006616, 0.0
0.057449, 0.006606, 0.0
0.057550, 0.006597, 0.0
0.057650, 0.006587, 0.0
0.057751, 0.006577, 0.0
0.057851, 0.006567, 0.0
0.057952, 0.006557, 0.0
0.058052, 0.006547, 0.0
0.058153, 0.006538, 0.0
0.058253, 0.006528, 0.0
0.058354, 0.006518, 0.0
0.058454, 0.006508, 0.0
0.058555, 0.006498, 0.0
0.058655, 0.006488, 0.0
0.058755, 0.006478, 0.0
0.058856, 0.006468, 0.0
0.058956, 0.006457, 0.0
0.059057, 0.006447, 0.0
0.059157, 0.006437, 0.0
0.059258, 0.006427, 0.0
0.059358, 0.006417, 0.0
0.059459, 0.006406, 0.0
0.059559, 0.006396, 0.0
0.059659, 0.006386, 0.0
0.059760, 0.006375, 0.0
0.059860, 0.006365, 0.0
0.059961, 0.006355, 0.0
0.060061, 0.006344, 0.0
0.060162, 0.006334, 0.0
0.060262, 0.006323, 0.0
0.060362, 0.006313, 0.0
0.060463, 0.006302, 0.0
0.060563, 0.006292, 0.0
0.060664, 0.006281, 0.0
0.060764, 0.006270, 0.0
0.060865, 0.006260, 0.0
0.060965, 0.006249, 0.0
0.061065, 0.006238, 0.0
0.061166, 0.006228, 0.0
0.061266, 0.006217, 0.0
0.061367, 0.006206, 0.0
0.061467, 0.006195, 0.0
0.061567, 0.006184, 0.0
0.061668, 0.006174, 0.0
0.061768, 0.006163, 0.0
0.061869, 0.006152, 0.0
0.061969, 0.006141, 0.0
0.062069, 0.006130, 0.0
0.062170, 0.006119, 0.0
0.062270, 0.006108, 0.0
0.062370, 0.006097, 0.0
0.062471, 0.006086, 0.0
0.062571, 0.006074, 0.0
0.062672, 0.006063, 0.0
0.062772, 0.006052, 0.0
0.062872, 0.006041, 0.0
0.062973, 0.006030, 0.0
0.063073, 0.006018, 0.0
0.063173, 0.006007, 0.0
0.063274, 0.005996, 0.0
0.063374, 0.005985, 0.0
0.063474, 0.005973, 0.0
0.063575, 0.005962, 0.0
0.063675, 0.005950, 0.0
0.063775, 0.005939, 0.0
0.063876, 0.005927, 0.0
0.063976, 0.005916, 0.0
0.064076, 0.005904, 0.0
0.064177, 0.005893, 0.0
0.064277, 0.005881, 0.0
0.064377, 0.005870, 0.0
0.064478, 0.005858, 0.0
0.064578, 0.005846, 0.0
0.064678, 0.005835, 0.0
0.064779, 0.005823, 0.0
0.064879, 0.005811, 0.0
0.064979, 0.005800, 0.0
0.065080, 0.005788, 0.0
0.065180, 0.005776, 0.0
0.065280, 0.005764, 0.0
0.065381, 0.005752, 0.0
0.065481, 0.005740, 0.0
0.065581, 0.005729, 0.0
0.065681, 0.005717, 0.0
0.065782, 0.005705, 0.0
0.065882, 0.005693, 0.0
0.065982, 0.005681, 0.0
0.066083, 0.005669, 0.0
0.066183, 0.005656, 0.0
0.066283, 0.005644, 0.0
0.066383, 0.005632, 0.0
0.066484, 0.005620, 0.0
0.066584, 0.005608, 0.0
0.066684, 0.005596, 0.0
0.066785, 0.005584, 0.0
0.066885, 0.005571, 0.0
0.066985, 0.005559, 0.0
0.067085, 0.005547, 0.0
0.067186, 0.005534, 0.0
0.067286, 0.005522, 0.0
0.067386, 0.005510, 0.0
0.067486, 0.005497, 0.0
0.067587, 0.005485, 0.0
0.067687, 0.005472, 0.0
0.067787, 0.005460, 0.0
0.067887, 0.005447, 0.0
0.067988, 0.005435, 0.0
0.068088, 0.005422, 0.0
0.068188, 0.005410, 0.0
0.068288, 0.005397, 0.0
0.068389, 0.005384, 0.0
0.068489, 0.005372, 0.0
0.068589, 0.005359, 0.0
0.068689, 0.005346, 0.0
0.068789, 0.005334, 0.0
0.068890, 0.005321, 0.0
0.068990, 0.005308, 0.0
0.069090, 0.005295, 0.0
0.069190, 0.005282, 0.0
0.069290, 0.005270, 0.0
0.069391, 0.005257, 0.0
0.069491, 0.005244, 0.0
0.069591, 0.005231, 0.0
0.069691, 0.005218, 0.0
0.069791, 0.005205, 0.0
0.069892, 0.005192, 0.0
0.069992, 0.005179, 0.0
0.070092, 0.005166, 0.0
0.070192, 0.005153, 0.0
0.070292, 0.005140, 0.0
0.070393, 0.005126, 0.0
0.070493, 0.005113, 0.0
0.070593, 0.005100, 0.0
0.070693, 0.005087, 0.0
0.070793, 0.005074, 0.0
0.070893, 0.005060, 0.0
0.070994, 0.005047, 0.0
0.071094, 0.005034, 0.0
0.071194, 0.005020, 0.0
0.071294, 0.005007, 0.0
0.071394, 0.004994, 0.0
0.071494, 0.004980, 0.0
0.071594, 0.004967, 0.0
0.071695, 0.004953, 0.0
0.071795, 0.004940, 0.0
0.071895, 0.004926, 0.0
0.071995, 0.004913, 0.0
0.072095, 0.004899, 0.0
0.072195, 0.004886, 0.0
0.072295, 0.004872, 0.0
0.072396, 0.004858, 0.0
0.072496, 0.004845, 0.0
0.072596, 0.004831, 0.0
0.072696, 0.004817, 0.0
0.072796, 0.004804, 0.0
0.072896, 0.004790, 0.0
0.072996, 0.004776, 0.0
0.073096, 0.004762, 0.0
0.073196, 0.004748, 0.0
0.073297, 0.004735, 0.0
0.073397, 0.004721, 0.0
0.073497, 0.004707, 0.0
0.073597, 0.004693, 0.0
0.073697, 0.004679, 0.0
0.073797, 0.004665, 0.0
0.073897, 0.004651, 0.0
0.073997, 0.004637, 0.0
0.074097, 0.004623, 0.0
0.074197, 0.004609, 0.0
0.074297, 0.004595, 0.0
0.074397, 0.004581, 0.0
0.074497, 0.004566, 0.0
0.074598, 0.004552, 0.0
0.074698, 0.004538, 0.0
0.074798, 0.004524, 0.0
0.074898, 0.004510, 0.0
0.074998, 0.004495, 0.0
0.075098, 0.004481, 0.0
0.075198, 0.004467, 0.0
0.075298, 0.004452, 0.0
0.075398, 0.004438, 0.0
0.075498, 0.004423, 0.0
0.075598, 0.004409, 0.0
0.075698, 0.004395, 0.0
0.075798, 0.004380, 0.0
0.075898, 0.004366, 0.0
0.075998, 0.004351, 0.0
0.076098, 0.004337, 0.0
0.076198, 0.004322, 0.0
0.076298, 0.004307, 0.0
0.076398, 0.004293, 0.0
0.076498, 0.004278, 0.0
0.076598, 0.004263, 0.0
0.076698, 0.004249, 0.0
0.076798, 0.004234, 0.0
0.076898, 0.004219, 0.0
0.076998, 0.004205, 0.0
0.077098, 0.004190, 0.0
0.077198, 0.004175, 0.0
0.077298, 0.004160, 0.0
0.077398, 0.004145, 0.0
0.077498, 0.004130, 0.0
0.077598, 0.004115, 0.0
0.077698, 0.004101, 0.0
0.077798, 0.004086, 0.0
0.077898, 0.004071, 0.0
0.077998, 0.004056, 0.0
0.078098, 0.004041, 0.0
0.078198, 0.004025, 0.0
0.078298, 0.004010, 0.0
0.078398, 0.003995, 0.0
0.078498, 0.003980, 0.0
0.078598, 0.003965, 0.0
0.078698, 0.003950, 0.0
0.078798, 0.003935, 0.0
0.078897, 0.003919, 0.0
0.078997, 0.003904, 0.0
0.079097, 0.003889, 0.0
0.079197, 0.003874, 0.0
0.079297, 0.003858, 0.0
0.079397, 0.003843, 0.0
0.079497, 0.003828, 0.0
0.079597, 0.003812, 0.0
0.079697, 0.003797, 0.0
0.079797, 0.003781, 0.0
0.079897, 0.003766, 0.0
0.079997, 0.003750, 0.0
0.080096, 0.003735, 0.0
0.080196, 0.003719, 0.0
0.080296, 0.003704, 0.0
0.080396, 0.003688, 0.0
0.080496, 0.003672, 0.0
0.080596, 0.003657, 0.0
0.080696, 0.003641, 0.0
0.080796, 0.003625, 0.0
0.080896, 0.003610, 0.0
0.080995, 0.003594, 0.0
0.081095, 0.003578, 0.0
0.081195, 0.003562, 0.0
0.081295, 0.003547, 0.0
0.081395, 0.003531, 0.0
0.081495, 0.003515, 0.0
0.081595, 0.003499, 0.0
0.081694, 0.003483, 0.0
0.081794, 0.003467, 0.0
0.081894, 0.003451, 0.0
0.081994, 0.003435, 0.0
0.082094, 0.003419, 0.0
0.082194, 0.003403, 0.0
0.082294, 0.003387, 0.0
0.082393, 0.003371, 0.0
0.082493, 0.003355, 0.0
0.082593, 0.003339, 0.0
0.082693, 0.003323, 0.0
0.082793, 0.003306, 0.0
0.082892, 0.003290, 0.0
0.082992, 0.003274, 0.0
0.083092, 0.003258, 0.0
0.083192, 0.003241, 0.0
0.083292, 0.003225, 0.0
0.083391, 0.003209, 0.0
0.083491, 0.003193, 0.0
0.083591, 0.003176, 0.0
0.083691, 0.003160, 0.0
0.083791, 0.003143, 0.0
0.083890, 0.003127, 0.0
0.083990, 0.003110, 0.0
0.084090, 0.003094, 0.0
0.084190, 0.003077, 0.0
0.084290, 0.003061, 0.0
0.084389, 0.003044, 0.0
0.084489, 0.003028, 0.0
0.084589, 0.003011, 0.0
0.084689, 0.002994, 0.0
0.084788, 0.002978, 0.0
0.084888, 0.002961, 0.0
0.084988, 0.002944, 0.0
0.085088, 0.002928, 0.0
0.085187, 0.002911, 0.0
0.085287, 0.002894, 0.0
0.085387, 0.002877, 0.0
0.085486, 0.002860, 0.0
0.085586, 0.002843, 0.0
0.085686, 0.002827, 0.0
0.085786, 0.002810, 0.0
0.085885, 0.002793, 0.0
0.085985, 0.002776, 0.0
0.086085, 0.002759, 0.0
0.086184, 0.002742, 0.0
0.086284, 0.002725, 0.0
0.086384, 0.002708, 0.0
0.086484, 0.002690, 0.0
0.086583, 0.002673, 0.0
0.086683, 0.002656, 0.0
0.086783, 0.002639, 0.0
0.086882, 0.002622, 0.0
0.086982, 0.002605, 0.0
0.087082, 0.002587, 0.0
0.087181, 0.002570, 0.0
0.087281, 0.002553, 0.0
0.087381, 0.002536, 0.0
0.087480, 0.002518, 0.0
0.087580, 0.002501, 0.0
0.087680, 0.002483, 0.0
0.087779, 0.002466, 0.0
0.087879, 0.002449, 0.0
0.087979, 0.002431, 0.0
0.088078, 0.002414, 0.0
0.088178, 0.002396, 0.0
0.088278, 0.002379, 0.0
0.088377, 0.002361, 0.0
0.088477, 0.002343, 0.0
0.088576, 0.002326, 0.0
0.088676, 0.002308, 0.0
0.088776, 0.002290, 0.0
0.088875, 0.002273, 0.0
0.088975, 0.002255, 0.0
0.089074, 0.002237, 0.0
0.089174, 0.002219, 0.0
0.089274, 0.002202, 0.0
0.089373, 0.002184, 0.0
0.089473, 0.002166, 0.0
0.089572, 0.002148, 0.0
0.089672, 0.002130, 0.0
0.089772, 0.002112, 0.0
0.089871, 0.002094, 0.0
0.089971, 0.002076, 0.0
0.090070, 0.002058, 0.0
0.090170, 0.002040, 0.0
0.090269, 0.002022, 0.0
0.090369, 0.002004, 0.0
0.090469, 0.001986, 0.0
0.090568, 0.001968, 0.0
0.090668, 0.001950, 0.0
0.090767, 0.001932, 0.0
0.090867, 0.001913, 0.0
0.090966, 0.001895, 0.0
0.091066, 0.001877, 0.0
0.091165, 0.001859, 0.0
0.091265, 0.001840, 0.0
0.091364, 0.001822, 0.0
0.091464, 0.001804, 0.0
0.091563, 0.001785, 0.0
0.091663, 0.001767, 0.0
0.091763, 0.001748, 0.0
0.091862, 0.001730, 0.0
0.091962, 0.001712, 0.0
0.092061, 0.001693, 0.0
0.092161, 0.001674, 0.0
0.092260, 0.001656, 0.0
0.092359, 0.001637, 0.0
0.092459, 0.001619, 0.0
0.092558, 0.001600, 0.0
0.092658, 0.001581, 0.0
0.092757, 0.001563, 0.0
0.092857, 0.001544, 0.0
0.092956, 0.001525, 0.0
0.093056, 0.001506, 0.0
0.093155, 0.001488, 0.0
0.093255, 0.001469, 0.0
0.093354, 0.001450, 0.0
0.093454, 0.001431, 0.0
0.093553, 0.001412, 0.0
0.093652, 0.001393, 0.0
0.093752, 0.001374, 0.0
0.093851, 0.001355, 0.0
0.093951, 0.001336, 0.0
0.094050, 0.001317, 0.0
0.094150, 0.001298, 0.0
0.094249, 0.001279, 0.0
0.094348, 0.001260, 0.0
0.094448, 0.001241, 0.0
0.094547, 0.001222, 0.0
0.094647, 0.001203, 0.0
0.094746, 0.001183, 0.0
0.094845, 0.001164, 0.0
0.094945, 0.001145, 0.0
0.095044, 0.001125, 0.0
0.095144, 0.001106, 0.0
0.095243, 0.001087, 0.0
0.095342, 0.001067, 0.0
0.095442, 0.001048, 0.0
0.095541, 0.001029, 0.0
0.095640, 0.001009, 0.0
0.095740, 0.000990, 0.0
0.095839, 0.000970, 0.0
0.095939, 0.000951, 0.0
0.096038, 0.000931, 0.0
0.096137, 0.000911, 0.0
0.096237, 0.000892, 0.0
0.096336, 0.000872, 0.0
0.096435, 0.000852, 0.0
0.096535, 0.000833, 0.0
0.096634, 0.000813, 0.0
0.096733, 0.000793, 0.0
0.096832, 0.000773, 0.0
0.096932, 0.000754, 0.0
0.097031, 0.000734, 0.0
0.097130, 0.000714, 0.0
0.097230, 0.000694, 0.0
0.097329, 0.000674, 0.0
0.097428, 0.000654, 0.0
0.097528, 0.000634, 0.0
0.097627, 0.000614, 0.0
0.097726, 0.000594, 0.0
0.097825, 0.000574, 0.0
0.097925, 0.000554, 0.0
0.098024, 0.000534, 0.0
0.098123, 0.000514, 0.0
0.098222, 0.000494, 0.0
0.098322, 0.000473, 0.0
0.098421, 0.000453, 0.0
0.098520, 0.000433, 0.0
0.098619, 0.000413, 0.0
0.098719, 0.000392, 0.0
0.098818, 0.000372, 0.0
0.098917, 0.000352, 0.0
0.099016, 0.000331, 0.0
0.099116, 0.000311, 0.0
0.099215, 0.000290, 0.0
0.099314, 0.000270, 0.0
0.099413, 0.000249, 0.0
0.099512, 0.000229, 0.0
0.099612, 0.000208, 0.0
0.099711, 0.000188, 0.0
0.099810, 0.000167, 0.0
0.099909, 0.000146, 0.0
0.100008, 0.000126, 0.0
0.099992, -0.000126, 0.0
